0                                                                                                                                                                                                      0
1                                                                                                                                                                                                      1
1                                                                                                                                                                                                      1
1                                                                                                                                                                                                      1
1                                                                                                                                                                                                      1
1                                                                                                                                                                                                      1
1                                                                                                                                                                                                      1
1                                                                                                                                                                                                      1
1                                                                                                                                             X                                                        1
1 S                                                                                                                                                                                                    1
1000                                                                                                                                                                                                   1
11110            X X  X  X  X               0 0 0 0 0                     00000000000000                                                                                                               1
1111100           0000  0000              0 1 1 1 1 1 0                  01                                                                                                                            1
111111100         1111XX1111            0 1 1 1 1 1 1 1 0               01                                                            000000000000000000                                  E            1
11111111100000000011110011110000000000001010101010101010100000000000000011000000000000000000000000000000000000000000000000000000000000111111111111111111000000000000000000000000000000000000000000000001
                                                                                                                                                                                                        
																																																		
                                                                                                                                                                                                        
                                                                                                                                                                                                        
                                                                                                                                                                                                        
                                                                                                                                                                                                        
                                                                                                                                                                                                        
                                                                                                                                                                                                        